8

0.000000		108.6737		54.49770		32.475		45.78880		8.76540		203.4465		97.4328
175.6342		0.000000		123.4555		56.6734		74.43090		96.5497		234.4342		86.5777
122.4555		155.5444		0.000000		34.4211		43.32120		2.70000		65.57880		87.7566
89.50450		97.60000		2.300000		0.00000		32.22110		2.89660		87.56650		43.3221
79.98540		34.00000		3.409800		23.4663		0.000000		3.20000		86.54320		32.1087
8.976500		1.243300		1.165300		2.34540		2.345500		0.00000		55.54330		2.11210
245.9800		342.3777		24.46760		23.6876		123.2222		56.7444		0.000000		87.7634
56.67880		10.03440		13.49650		11.0765		23.78880		5.07660		234.4577		0.00000
